000000010,000000913;                          
000000011,000000677;                          
000000012,000000151;                          
000000013,000000151;                          
000000014,000000097;                          
000000017,000000190;                          
000000020,000000443;                          
000000030,000000641;                          
000000033,000000001;                          
000000050,000000417;                          
000000051,000000133;                          
000000052,000000081;                          
000000053,000000065;                          
000000055,000000022;                          
000000060,000000258;                          
000000070,000000158;                          
000000071,000000078;                          
000000072,000000037;                          
000000073,000000028;                          
000000075,000000080;                          
000000090,000000108;                          
000000100,000000125;                          
000000103,000000021;                          
000000110,000000389;                          
000000111,000000001;                          
000000112,000000126;                          
000000113,000000000;                          
000000114,000000024;                          
000000115,000000035;                          
000000120,000000251;                          
000000131,000000068;                          
000000132,000000064;                          
000000133,000000060;                          
000000135,000000048;                          
000000150,000000115;                          
000000151,000000070;                          
000000152,000000114;                          
000000180,000000293;                          
000000190,000000095;                          
000000213,000000001;                          
000000214,000000130;                          
000000220,000000101;                          
000000226,000000060;                          
000000250,000000590;                          
000000251,000000000;                          
000000252,000000795;                          
000000256,000000201;                          
000000257,000000188;                          
000000260,000000090;                          
000000265,000001356;                          
000000266,000000043;                          
000000270,000000023;                          
000000283,000000122;                          
000000300,000000687;                          
000000310,000000009;                          
000000312,000000011;                          
000000560,000000139;                          
000000561,000000120;                          
000000565,000000384;                          
000000566,000000546;                          
000000570,000000211;                          
000000571,000000268;                          
000000575,000000017;                          
000000576,000000011;                          
000000577,000000013;                          
000000580,000000043;                          
000000585,000000151;                          
000000590,000000179;                          
000000640,000000309;                          
000000641,000000368;                          
000000642,000000356;                          
000000643,000000202;                          
000001140,000000259;                          
000001641,000000151;                          
000001642,000000002;                          
000001643,000000000;                          
000001655,000000001;                          
000001920,000000046;                          
000001921,000000000;                          
000002041,000000001;                          
000002050,000002589;                          
000002052,000002401;                          
000002053,000001164;                          
000002056,000001632;                          
000002058,000000148;                          
000002060,000000058;                          
000002063,000000165;                          
000002071,000000345;                          
000002072,000000265;                          
000002073,000000122;                          
000002075,000000204;                          
000002076,000000145;                          
000002078,000000000;                          
000002079,000000002;                          
000002080,000000175;                          
000002081,000000248;                          
000002083,000000515;                          
000002084,000000170;                          
000002085,000000161;                          
000002086,000000091;                          
000002087,000000019;                          
000002091,000000004;                          
000002093,000000049;                          
000002100,000000028;                          
000002101,000000008;                          
000002120,000000019;                          
000002121,000000000;                          
000002122,000000001;                          
000002135,000000019;                          
000002138,000000019;                          
000002144,000000013;                          
000002145,000000008;                          
000002150,000000952;                          
000002153,000000000;                          
000002155,000001513;                          
000002158,000000416;                          
000002162,000000007;                          
000002163,000000001;                          
000002181,000000001;                          
000002182,000000139;                          
000002183,000000003;                          
000002184,000000004;                          
000002185,000000005;                          
000002186,000000000;                          
000002192,000000030;                          
000002195,000000005;                          
000002196,000000009;                          
000002197,000000006;                          
000002210,000000004;                          
000002228,000000030;                          
000002236,000000003;                          
000002237,000000014;                          
000002238,000000004;                          
000002247,000000006;                          
000002249,000000000;                          
000002280,000000000;                          
000002281,000000007;                          
000002282,000000002;                          
000002451,000000515;                          
000002459,000000001;                          
000002490,000000006;                          
000003052,000000037;                          
000003054,000000076;                          
000003095,000000260;                          
000003099,000000031;                          
000003100,000000038;                          
000003110,000000426;                          
000003111,000000102;                          
000003112,000000102;                          
000003114,000000130;                          
000003140,000001175;                          
000003600,000000001;                          
000003601,000000002;                          
000003603,000000001;                          
000003604,000000166;                          
000003605,000000056;                          
000003606,000000012;                          
000003616,000000035;                          
000003674,000000016;                          
000003676,000000001;                          
000003677,000000002;                          
000003709,000000009;                          
000003723,000000001;                          
000003734,000000001;                          
000003740,000000001;                          
000003787,000000014;                          
000003788,000000136;                          
000004300,000000088;                          
000004301,000000065;                          
000004302,000000090;                          
000004304,000000160;                          
000004306,000000010;                          
000004307,000000043;                          
000004308,000000088;                          
000004309,000000042;                          
000004322,000000007;                          
000004324,000000039;                          
000004340,000000309;                          
000004341,000000157;                          
000004342,000000341;                          
000004344,000000154;                          
000004362,000000090;                          
000004384,000000178;                          
000004388,000000050;                          
000004392,000000067;                          
000004393,000000053;                          
000006013,000000002;                          
000006502,000000176;                          
000006503,000000136;                          
000006504,000000001;                          
000006505,000000442;                          
000006506,000001009;                          
000006508,000000567;                          
000006540,000000042;                          
000006560,000001454;                          
000006561,000001727;                          
000006562,000000063;                          
000006601,000000015;                          
000006602,000000717;                          
000006605,000001709;                          
000006607,000000106;                          
000006608,000000026;                          
000006609,000000027;                          
000006610,000000012;                          
000006612,000000035;                          
000006613,000002349;                          
000006615,000000200;                          
000006618,000000022;                          
000006622,000000002;                          
000006628,000000437;                          
000006629,000000791;                          
000006630,000000498;                          
000006633,000000011;                          
000006634,000000124;                          
000006636,000000290;                          
000006637,000000234;                          
000006645,000000017;                          
000006646,000000001;                          
000006651,000000138;                          
000006652,000000062;                          
000006654,000000075;                          
000006655,000000022;                          
000006657,000000045;                          
000006658,000000054;                          
000006685,000000346;                          
000006686,000000308;                          
000006687,000000413;                          
000006688,000000776;                          
000006689,000000012;                          
000006703,000000168;                          
000006705,000000454;                          
000006708,000000711;                          
000006718,000000073;                          
000006720,000000057;                          
000006721,000000038;                          
000006722,000000113;                          
000006800,000000012;                          
000006808,000000009;                          
000006900,000000099;                          
000006903,000000185;                          
000006904,000001685;                          
000006905,000000534;                          
000006906,000000297;                          
000006907,000000307;                          
000006910,000000564;                          
000006911,000000370;                          
000006915,000000234;                          
000006917,000000261;                          
000006924,000002120;                          
000006925,000002094;                          
000006926,000002890;                          
000006933,000000093;                          
000006938,000000549;                          
000006939,000000708;                          
000006942,000000055;                          
000006943,000000001;                          
000006944,000000356;                          
000006945,000000673;                          
000006946,000000018;                          
000006998,000000260;                          
000007750,000000072;                          
000007751,000000024;                          
000007752,000000024;                          
000007753,000000022;                          
000007754,000000036;                          
000007755,000000021;                          
000007756,000000031;                          
000007757,000000024;                          
000007758,000000032;                          
000007759,000000042;                          
000008896,000000228;                          
000008897,000000001;                          
000008899,000000353;                          
000008911,000000002;                          
000008925,000000967;                          
000008926,000000169;                          
000008927,000000154;                          
000008928,000000228;                          
000008929,000000314;                          
000008930,000000278;                          
000008940,000000139;                          
000008941,000000027;                          
000008942,000000124;                          
000008943,000000131;                          
000008949,000000029;                          
000008950,000000037;                          
000008955,000000046;                          
000008956,000000104;                          
000008960,000000297;                          
000008961,000000143;                          
000009215,000000089;                          
000009216,000000000;                          
000009217,000000063;                          
000009225,000000000;                          
000009226,000000001;                          
000009237,000000020;                          
000009245,000000366;                          
000009246,000000065;                          
000009247,000000058;                          
000009255,000000000;                          
000009256,000000000;                          
000009257,000000000;                          
000009267,000000016;                          
000009275,000000093;                          
000009276,000000047;                          
000009277,000000047;                          
000009278,000000043;                          
000009279,000000148;                          
000009285,000000050;                          
000011002,000000003;                          
000011019,000000048;                          
000011025,000000006;                          
000011027,000000004;                          
000011171,000000278;                          
000011180,000000366;                          
000011181,000000432;                          
000011196,000000007;                          
000011198,000000011;                          
000011201,000000087;                          
000011207,000000211;                          
000011213,000000001;                          
000011216,000000003;                          
000011228,000000006;                          
000011239,000000005;                          
000011240,000000125;                          
000011261,000000004;                          
000011269,000000040;                          
000011295,000000010;                          
000011400,000000129;                          
000011401,000000159;                          
000011422,000000013;                          
000011423,000000012;                          
000011520,000000012;                          
000011529,000000023;                          
000011546,000000007;                          
000011548,000000126;                          
000011551,000000049;                          
000011560,000000002;                          
000011572,000000003;                          
000011610,000000059;                          
000011661,000000173;                          
000011671,000000129;                          
000012201,000000001;                          
000012203,000003381;                          
000012207,000001949;                          
000012208,000006075;                          
000012209,000006519;                          
000012212,000002370;                          
000012302,000000006;                          
000012343,000000005;                          
000012400,000002692;                          
000012405,000006196;                          
000012450,000000450;                          
000012451,000000444;                          
000013000,000002699;                          
000013002,000001424;                          
000013019,000001902;                          
000013020,000001917;                          
000013023,000032253;                          
000013026,000000053;                          
000013032,000000180;                          
000013033,000000903;                          
000013034,000000068;                          
000013035,000006925;                          
000013036,000011008;                          
000013040,000000003;                          
000013041,000001546;                          
000013042,000001030;                          
000013043,000012165;                          
000013044,000000009;                          
000013045,000000167;                          
000013046,000000085;                          
000013051,000000421;                          
000013052,000000146;                          
000013053,000000864;                          
000013063,000000001;                          
000013064,000000004;                          
000013085,000001288;                          
000013091,000001793;                          
000013098,000000147;                          
000013107,000000002;                          
000013108,000001589;                          
000013109,000000411;                          
000013114,000000756;                          
000013115,000000961;                          
000013117,000000568;                          
000013118,000000313;                          
000013119,000000224;                          
000013120,000000321;                          
000013124,000000439;                          
000013126,000001305;                          
000013128,000001441;                          
000013135,000001919;                          
000013136,000001396;                          
000013137,000000132;                          
000013138,000000002;                          
000013140,000000426;                          
000013151,000000004;                          
000013152,000002061;                          
000013154,000000336;                          
000013156,000001531;                          
000013157,000000140;                          
000013170,000030033;                          
000013171,000006082;                          
000013175,000004546;                          
000013180,000000156;                          
000013181,000000459;                          
000013182,000002770;                          
000013195,000001756;                          
000013200,000000661;                          
000013201,000000119;                          
000013202,000000959;                          
000013204,000000845;                          
000013205,000005898;                          
000013210,000000036;                          
000013212,000000420;                          
000014000,000000008;                          
000014001,000000005;                          
000014002,000000450;                          
000014003,000000005;                          
000014004,000000384;                          
000014005,000000009;                          
000014006,000000240;                          
000014011,000000004;                          
000014013,000000001;                          
000014016,000000085;                          
000014017,000000001;                          
000014018,000000005;                          
000014019,000000104;                          
000014021,000000201;                          
000014023,000000410;                          
000014024,000000007;                          
000014027,000001020;                          
000014040,000000063;                          
000014043,000000006;                          
000014044,000000067;                          
000014060,000000002;                          
000014061,000000029;                          
000014062,000000085;                          
000014063,000000004;                          
000014080,000000012;                          
000014081,000003432;                          
000014084,000000030;                          
000014085,000000018;                          
000014090,000000305;                          
000014098,000000029;                          
000014106,000000096;                          
000014115,000000049;                          
000014130,000000048;                          
000014131,000000024;                          
000014150,000000004;                          
000014161,000000012;                          
000014170,000000060;                          
000014180,000000009;                          
000014190,000000012;                          
000030181,000000034;                          
000074144,000000034;                          
000098525,000000005;                          
000098583,000000060;                          
000098584,000000005;                          
000098586,000000032;                          
000098587,000000024;                          
000098590,000000022;                          
000098598,000000012;                          
000098938,000000030;                          
000098977,000000024;                          
000099318,000000022;                          
000121143,000000030;                          
000411201,000000006;                          
000411422,000000037;                          
000412521,000000006;                          
000414216,000000562;                          
000414602,000000008;                          
000414649,000000020;                          
012022705,000000209;                          
012039461,000000167;                          
012048678,000000021;                          
012068489,000000484;                          
012068661,000000220;                          
012071333,000001350;                          
012105484,000000006;                          
012105485,000000131;                          
012105544,000000018;                          
012105545,000002290;                          
012105548,000003957;                          
012105550,000001161;                          
012106220,000000018;                          
012106251,000001086;                          
012111210,000000273;                          
012112568,000000321;                          
012131230,000000138;                          
012131234,000005314;                          
012131861,000000019;                          
012153797,000000001;                          
012171594,000005055;                          
012171631,000023002;                          
012182408,000003809;                          
012182409,000005204;                          
012184717,000005655;                          
012185062,000004286;                          
012187084,000000008;                          
012195969,000000336;                          
012195996,000000017;                          
012195997,000000055;                          
012195998,000000168;                          
012196025,000000172;                          
012196026,000000374;                          
012203108,000000035;                          
012203109,000007786;                          
012220933,000000045;                          
012220935,000000060;                          
012220937,000000058;                          
012220938,000000016;                          
012220939,000000524;                          
012224169,000000104;                          
012228529,000001301;                          
012233310,000006611;                          
012243344,000000061;                          
012255183,000000113;                          
012255184,000000054;                          
012257528,000000008;                          
012257580,000000494;                          
012257584,000000008;                          
012258988,000000050;                          
012259006,000000001;                          
012272483,000000098;                          
012272485,000000348;                          
012275340,000000091;                          
012275341,000000015;                          
012275427,000000582;                          
012275428,000000167;                          
012275429,000000098;                          
012275462,000000027;                          
012275993,000000763;                          
012277324,000000026;                          
012277660,000000166;                          
012280410,000012828;                          
012280411,000004569;                          
012285988,000000006;                          
012285989,000000002;                          
012296160,000000043;                          
012296163,000000052;                          
012296165,000000068;                          
012296167,000000099;                          
012296180,000000028;                          
012296182,000000040;                          
012296366,000000031;                          
012297914,000000031;                          
012297915,000000023;                          
012304894,000000066;                          
012304963,000000010;                          
012304964,000000811;                          
012305132,000000074;                          
012305175,000000354;                          
012305177,000001036;                          
012305178,000000036;                          
012305277,000000240;                          
012305310,000002073;                          
012305312,000000030;                          
012305313,000001515;                          
012305314,000002048;                          
012305315,000003015;                          
012305316,000002925;                          
012305877,000001978;                          
012308098,000000019;                          
012308111,000000004;                          
012308130,000000017;                          
012308286,000000060;                          
012308513,000000720;                          
012308514,000000630;                          
012308515,000000712;                          
012308516,000000700;                          
012308695,000000660;                          
012308697,000002607;                          
012308704,000000600;                          
012308705,000000240;                          
012308710,000000990;                          
012308830,000003125;                          
012308831,000000795;                          
012308832,000000720;                          
012308833,000000720;                          
012308834,000000358;                          
012308983,000004768;                          
012308984,000000570;                          
012310193,000000010;                          
012310605,000000136;                          
012310607,000000348;                          
012310608,000000091;                          
012310609,000000001;                          
012310640,000000076;                          
012310660,000000051;                          
012310661,000000039;                          
012310662,000000207;                          
012310663,000000057;                          
012310664,000000019;                          
012310665,000000046;                          
012310666,000000144;                          
012310674,000000091;                          
012311800,000000027;                          
012311801,000000017;                          
012312316,000000173;                          
012316709,000004766;                          
012317425,000003298;                          
012318444,000006867;                          
012320759,000000285;                          
012320870,000000285;                          
012324183,000000178;                          
012324187,000000045;                          
012324497,000000758;                          
012324530,000000085;                          
012324531,000000102;                          
012324550,000000134;                          
012324557,000000390;                          
012325104,000002818;                          
012325231,000055971;                          
012325232,000000070;                          
012328050,000000030;                          
012332024,000000001;                          
012332056,000000158;                          
012332098,000000262;                          
012332099,000000001;                          
012333667,000000248;                          
012333730,000000300;                          
012333809,000000885;                          
012333830,000000056;                          
012333831,000000224;                          
012334688,000000208;                          
012334689,000000452;                          
012334710,000000462;                          
012334711,000000094;                          
012334730,000000632;                          
012334851,000000130;                          
012336497,000000009;                          
012336498,000000017;                          
012336499,000000008;                          
012336518,000000013;                          
012336519,000000024;                          
012336605,000000038;                          
012336606,000000037;                          
012336921,000000009;                          
012337216,000000082;                          
012337217,000000082;                          
012337218,000000061;                          
012337223,000000031;                          
012337224,000000144;                          
012337225,000000026;                          
012337228,000000014;                          
012337313,000000059;                          
012337314,000000027;                          
012337315,000000178;                          
012337316,000000169;                          
012338150,000000480;                          
012338328,000001380;                          
012338329,000001365;                          
012338390,000000510;                          
012338391,000001395;                          
012338461,000001320;                          
012338488,000001365;                          
012338491,000001350;                          
012338946,000000060;                          
012338947,000000227;                          
012338948,000000061;                          
012339235,000000131;                          
012339272,000001893;                          
012339273,000000943;                          
012339297,000000570;                          
012339464,000000170;                          
012339491,000000194;                          
012339529,000000135;                          
012339561,000000049;                          
012339679,000000033;                          
012339902,000000053;                          
012340993,000000030;                          
012340994,000000016;                          
012341053,000000048;                          
012341085,000000312;                          
012341086,000000051;                          
012341126,000000055;                          
012341127,000000072;                          
012341128,000000027;                          
012341129,000000053;                          
012341140,000000161;                          
012341141,000000010;                          
012342105,000003782;                          
012342557,000007963;                          
012342802,000000031;                          
012343630,000000237;                          
012344609,000000953;                          
012344650,000001225;                          
012350064,000009127;                          
012351377,000000065;                          
012351454,000005423;                          
012352686,000000496;                          
012353765,000000058;                          
012355624,000000051;                          
012370783,000011200;                          
